Time, SinWave, TriWave, SquareWave, TotalAmplitude
0.020,-0.237,-0.237,-0.661,-0.114
0.040,0.383,0.474,0.661,0.152
0.182,-0.383,-0.475,-0.661,-0.152
0.231,-0.287,-0.300,-0.661,-0.125
0.265,-0.331,-0.363,-0.661,-0.135
0.288,-0.372,-0.444,-0.661,-0.148
0.318,0.353,0.404,0.661,0.142
0.351,0.301,0.318,0.661,0.128
0.386,0.213,0.210,0.661,0.108
0.406,0.320,0.347,0.661,0.133
0.427,-0.181,-0.176,-0.661,-0.102
0.449,-0.378,-0.458,-0.661,-0.150
0.471,-0.403,-0.580,-0.661,-0.164
0.495,0.173,0.167,0.661,0.100
0.526,-0.227,-0.226,-0.661,-0.111
0.559,-0.310,-0.331,-0.661,-0.130
0.581,-0.021,-0.020,-0.661,-0.070
0.601,0.389,0.493,0.661,0.154
0.623,0.183,0.177,0.661,0.102
0.643,-0.391,-0.503,-0.661,-0.156
0.664,-0.071,-0.067,-0.661,-0.080
0.695,0.314,0.337,0.661,0.131
0.718,0.375,0.452,0.661,0.149
0.738,-0.349,-0.396,-0.661,-0.141
0.759,-0.319,-0.345,-0.661,-0.132
0.780,0.273,0.280,0.661,0.121
0.804,-0.403,-0.580,-0.661,-0.164
0.826,-0.362,-0.422,-0.661,-0.145
0.854,-0.377,-0.456,-0.661,-0.149
0.876,-0.369,-0.437,-0.661,-0.147
0.898,-0.127,-0.121,-0.661,-0.091
0.919,0.037,0.035,0.661,0.073
0.940,0.304,0.322,0.661,0.129
0.961,-0.183,-0.178,-0.661,-0.102
0.981,-0.183,-0.178,-0.661,-0.102
1.010,-0.403,-0.586,-0.661,-0.165
1.033,-0.077,-0.073,-0.661,-0.081
1.068,0.344,0.386,0.661,0.139
1.090,0.344,0.386,0.661,0.139
1.115,-0.402,-0.572,-0.661,-0.164
1.138,-0.370,-0.439,-0.661,-0.147
1.170,-0.035,-0.033,-0.661,-0.073
1.194,-0.284,-0.295,-0.661,-0.124
1.215,-0.278,-0.287,-0.661,-0.123
1.236,0.220,0.218,0.661,0.110
1.256,0.309,0.330,0.661,0.130
1.278,0.169,0.164,0.661,0.099
1.300,0.097,0.092,0.661,0.085
1.330,0.250,0.253,0.661,0.116
1.351,0.402,0.573,0.661,0.164
1.373,0.394,0.512,0.661,0.157
1.405,-0.194,-0.190,-0.661,-0.104
1.435,0.332,0.365,0.661,0.136
1.463,0.400,0.549,0.661,0.161
1.501,0.242,0.243,0.661,0.115
1.538,-0.356,-0.408,-0.661,-0.142
1.581,-0.224,-0.222,-0.661,-0.111
1.603,-0.041,-0.038,-0.661,-0.074
1.626,-0.240,-0.241,-0.661,-0.114
1.655,-0.312,-0.335,-0.661,-0.131
1.677,-0.320,-0.347,-0.661,-0.133
1.697,-0.070,-0.066,-0.661,-0.080
1.717,0.250,0.252,0.661,0.116
1.742,0.061,0.057,0.661,0.078
1.765,-0.390,-0.498,-0.661,-0.155
1.788,-0.403,-0.592,-0.661,-0.166
1.816,-0.261,-0.266,-0.661,-0.119
1.836,-0.083,-0.079,-0.661,-0.082
1.858,0.272,0.280,0.661,0.121
1.882,-0.389,-0.493,-0.661,-0.154
1.905,-0.368,-0.435,-0.661,-0.146
1.926,-0.362,-0.422,-0.661,-0.144
1.947,-0.059,-0.055,-0.661,-0.077
1.980,0.202,0.198,0.661,0.106
2.003,-0.078,-0.074,-0.661,-0.081
2.023,0.396,0.524,0.661,0.158
2.044,-0.344,-0.387,-0.661,-0.139
2.077,-0.147,-0.141,-0.661,-0.095
2.101,0.347,0.392,0.661,0.140
2.131,-0.289,-0.302,-0.661,-0.125
2.155,-0.302,-0.319,-0.661,-0.128
2.178,0.199,0.195,0.661,0.105
2.199,-0.402,-0.566,-0.661,-0.163
2.222,0.093,0.088,0.661,0.084
2.243,-0.377,-0.458,-0.661,-0.150
2.263,0.246,0.248,0.661,0.115
2.294,-0.314,-0.337,-0.661,-0.131
2.313,0.260,0.265,0.661,0.119
2.334,0.370,0.440,0.661,0.147
2.355,-0.246,-0.248,-0.661,-0.115
2.376,-0.403,-0.590,-0.661,-0.165
2.403,-0.067,-0.063,-0.661,-0.079
2.434,0.095,0.090,0.661,0.085
2.464,-0.164,-0.158,-0.661,-0.098
2.487,-0.399,-0.539,-0.661,-0.160
2.509,-0.252,-0.255,-0.661,-0.117
2.531,-0.060,-0.057,-0.661,-0.078
2.551,0.403,0.581,0.661,0.164
2.585,0.398,0.535,0.661,0.159
2.618,0.341,0.381,0.661,0.138
2.638,-0.227,-0.225,-0.661,-0.111
2.659,-0.152,-0.146,-0.661,-0.096
2.679,0.403,0.577,0.661,0.164
2.700,0.207,0.204,0.661,0.107
2.722,-0.100,-0.094,-0.661,-0.086
2.743,-0.388,-0.489,-0.661,-0.154
2.770,-0.369,-0.438,-0.661,-0.147
2.792,-0.220,-0.218,-0.661,-0.110
2.815,-0.271,-0.279,-0.661,-0.121
2.840,0.298,0.314,0.661,0.127
2.861,-0.225,-0.223,-0.661,-0.111
2.882,-0.382,-0.470,-0.661,-0.151
2.903,-0.236,-0.236,-0.661,-0.113
2.933,-0.139,-0.133,-0.661,-0.093
2.956,0.106,0.100,0.661,0.087
2.976,-0.403,-0.581,-0.661,-0.164
2.997,0.148,0.142,0.661,0.095
3.019,0.064,0.061,0.661,0.079
3.040,0.400,0.549,0.661,0.161
3.061,-0.042,-0.040,-0.661,-0.074
3.100,-0.046,-0.043,-0.661,-0.075
3.125,-0.145,-0.139,-0.661,-0.094
3.146,0.351,0.399,0.661,0.141
3.170,-0.323,-0.351,-0.661,-0.134
3.192,-0.216,-0.213,-0.661,-0.109
3.211,0.157,0.151,0.661,0.097
3.243,-0.400,-0.548,-0.661,-0.161
3.266,-0.322,-0.349,-0.661,-0.133
3.289,-0.043,-0.040,-0.661,-0.074
3.311,0.015,0.014,0.661,0.069
3.333,-0.040,-0.038,-0.661,-0.074
3.361,-0.071,-0.067,-0.661,-0.080
3.389,0.153,0.147,0.661,0.096
3.420,-0.346,-0.390,-0.661,-0.140
3.445,0.094,0.089,0.661,0.084
3.466,-0.388,-0.490,-0.661,-0.154
3.487,-0.367,-0.433,-0.661,-0.146
3.510,-0.379,-0.463,-0.661,-0.150
3.530,0.042,0.040,0.661,0.074
3.553,0.099,0.094,0.661,0.085
3.582,-0.403,-0.580,-0.661,-0.164
3.619,0.347,0.392,0.661,0.140
3.641,0.139,0.133,0.661,0.093
3.664,0.085,0.080,0.661,0.083
3.685,0.358,0.413,0.661,0.143
3.706,0.265,0.270,0.661,0.120
3.736,-0.118,-0.112,-0.661,-0.089
3.759,-0.375,-0.452,-0.661,-0.149
3.781,-0.260,-0.265,-0.661,-0.119
3.803,-0.198,-0.194,-0.661,-0.105
3.824,0.398,0.534,0.661,0.159
3.846,0.400,0.546,0.661,0.161
3.869,-0.010,-0.009,-0.661,-0.068
3.898,-0.393,-0.509,-0.661,-0.156
3.921,-0.403,-0.577,-0.661,-0.164
3.942,-0.294,-0.309,-0.661,-0.126
3.963,0.403,0.582,0.661,0.165
3.984,0.339,0.378,0.661,0.138
4.004,-0.399,-0.540,-0.661,-0.160
4.026,-0.364,-0.425,-0.661,-0.145
4.055,-0.369,-0.437,-0.661,-0.147
4.078,0.254,0.258,0.661,0.117
4.101,0.394,0.514,0.661,0.157
4.136,-0.010,-0.010,-0.661,-0.068
4.158,0.281,0.291,0.661,0.123
4.180,0.246,0.248,0.661,0.116
4.210,-0.394,-0.513,-0.661,-0.157
4.252,0.316,0.340,0.661,0.132
4.280,0.131,0.125,0.661,0.092
4.313,0.304,0.323,0.661,0.129
4.348,-0.400,-0.544,-0.661,-0.160
4.380,0.354,0.404,0.661,0.142
4.403,0.075,0.070,0.661,0.081
4.422,0.117,0.111,0.661,0.089
4.443,-0.332,-0.366,-0.661,-0.136
4.466,-0.175,-0.170,-0.661,-0.101
4.490,0.318,0.343,0.661,0.132
4.514,0.143,0.137,0.661,0.094
4.544,-0.343,-0.385,-0.661,-0.139
4.564,-0.230,-0.229,-0.661,-0.112
4.588,-0.403,-0.588,-0.661,-0.165
4.614,-0.172,-0.167,-0.661,-0.100
4.649,-0.291,-0.305,-0.661,-0.126
4.672,0.111,0.106,0.661,0.088
4.703,0.006,0.005,0.661,0.067
4.725,-0.050,-0.047,-0.661,-0.076
4.748,-0.385,-0.480,-0.661,-0.153
4.773,0.240,0.241,0.661,0.114
4.793,-0.362,-0.421,-0.661,-0.144
4.815,-0.403,-0.580,-0.661,-0.164
4.837,-0.192,-0.188,-0.661,-0.104
4.865,-0.393,-0.507,-0.661,-0.156
4.886,0.021,0.020,0.661,0.070
4.905,-0.067,-0.063,-0.661,-0.079
4.929,0.354,0.405,0.661,0.142
4.950,-0.045,-0.042,-0.661,-0.075
4.969,0.124,0.118,0.661,0.090
4.989,0.024,0.023,0.661,0.071
5.017,0.256,0.260,0.661,0.118
5.037,-0.327,-0.358,-0.661,-0.135
5.058,-0.028,-0.026,-0.661,-0.071
5.078,0.068,0.064,0.661,0.079
5.097,0.203,0.200,0.661,0.106
5.117,0.151,0.145,0.661,0.096
5.151,0.377,0.457,0.661,0.150
5.182,-0.401,-0.552,-0.661,-0.161
5.202,0.201,0.197,0.661,0.106
5.222,-0.008,-0.008,-0.661,-0.068
5.244,-0.257,-0.261,-0.661,-0.118
5.270,-0.367,-0.433,-0.661,-0.146
5.300,-0.133,-0.126,-0.661,-0.092
5.321,-0.402,-0.568,-0.661,-0.163
5.351,0.252,0.255,0.661,0.117
5.372,-0.166,-0.161,-0.661,-0.099
5.395,0.044,0.042,0.661,0.075
5.414,-0.128,-0.122,-0.661,-0.091
5.435,0.375,0.452,0.661,0.149
5.455,-0.358,-0.414,-0.661,-0.143
5.477,-0.283,-0.294,-0.661,-0.124
5.505,-0.239,-0.240,-0.661,-0.114
5.528,-0.056,-0.053,-0.661,-0.077
5.547,-0.118,-0.112,-0.661,-0.089
5.569,0.030,0.028,0.661,0.072
5.588,-0.373,-0.446,-0.661,-0.148
5.607,0.372,0.444,0.661,0.148
5.629,0.305,0.324,0.661,0.129
5.671,-0.403,-0.591,-0.661,-0.166
5.692,-0.284,-0.295,-0.661,-0.124
5.711,0.134,0.128,0.661,0.092
5.732,-0.383,-0.475,-0.661,-0.152
5.754,-0.391,-0.500,-0.661,-0.155
5.775,0.076,0.072,0.661,0.081
5.795,0.305,0.324,0.661,0.129
5.822,-0.278,-0.288,-0.661,-0.123
5.844,-0.336,-0.373,-0.661,-0.137
5.863,0.384,0.475,0.661,0.152
5.884,0.131,0.125,0.661,0.092
5.904,-0.300,-0.316,-0.661,-0.128
5.923,0.361,0.419,0.661,0.144
5.943,-0.402,-0.567,-0.661,-0.163
5.964,0.133,0.127,0.661,0.092
5.997,0.219,0.217,0.661,0.110
6.017,0.162,0.156,0.661,0.098
6.037,-0.351,-0.399,-0.661,-0.141
6.058,0.231,0.231,0.661,0.112
6.079,0.329,0.361,0.661,0.135
6.100,0.050,0.047,0.661,0.076
6.121,-0.344,-0.386,-0.661,-0.139
6.151,0.401,0.556,0.661,0.162
6.186,0.086,0.081,0.661,0.083
6.217,0.078,0.073,0.661,0.081
6.247,0.211,0.208,0.661,0.108
6.269,0.071,0.067,0.661,0.080
6.291,0.357,0.410,0.661,0.143
6.320,-0.261,-0.266,-0.661,-0.119
6.342,-0.254,-0.258,-0.661,-0.117
6.363,0.332,0.365,0.661,0.136
6.387,-0.272,-0.279,-0.661,-0.121
6.407,0.397,0.528,0.661,0.159
6.427,-0.317,-0.342,-0.661,-0.132
6.449,-0.373,-0.447,-0.661,-0.148
6.479,0.388,0.489,0.661,0.154
6.502,0.169,0.164,0.661,0.099
6.522,0.004,0.003,0.661,0.067
6.544,-0.104,-0.098,-0.661,-0.086
6.618,0.338,0.376,0.661,0.138
6.662,0.327,0.358,0.661,0.135
6.711,-0.230,-0.229,-0.661,-0.112
6.738,-0.183,-0.178,-0.661,-0.102
6.767,0.306,0.325,0.661,0.129
6.797,0.206,0.202,0.661,0.107
6.833,-0.154,-0.148,-0.661,-0.096
6.862,0.364,0.426,0.661,0.145
6.891,0.366,0.430,0.661,0.146
6.918,0.400,0.548,0.661,0.161
6.948,-0.310,-0.331,-0.661,-0.130
6.985,0.398,0.533,0.661,0.159
7.015,-0.324,-0.353,-0.661,-0.134
7.043,-0.369,-0.436,-0.661,-0.147
7.073,0.175,0.170,0.661,0.101
7.101,0.402,0.564,0.661,0.163
7.137,-0.367,-0.433,-0.661,-0.146
7.173,0.265,0.271,0.661,0.120
7.220,-0.067,-0.063,-0.661,-0.079
7.247,-0.116,-0.111,-0.661,-0.089
7.278,-0.091,-0.086,-0.661,-0.084
7.314,-0.184,-0.179,-0.661,-0.102
7.342,-0.255,-0.259,-0.661,-0.118
7.370,-0.081,-0.076,-0.661,-0.082
7.397,0.278,0.288,0.661,0.123
7.428,0.171,0.165,0.661,0.100
7.462,0.331,0.364,0.661,0.136
7.493,-0.399,-0.538,-0.661,-0.160
7.522,-0.244,-0.246,-0.661,-0.115
7.550,0.150,0.144,0.661,0.096
7.578,0.216,0.213,0.661,0.109
7.613,0.387,0.487,0.661,0.153
7.641,0.196,0.192,0.661,0.105
7.669,0.009,0.008,0.661,0.068
7.700,-0.209,-0.206,-0.661,-0.108
7.741,0.351,0.399,0.661,0.141
7.776,-0.401,-0.554,-0.661,-0.162
7.803,0.119,0.113,0.661,0.089
7.829,0.403,0.590,0.661,0.165
7.856,0.328,0.359,0.661,0.135
7.882,-0.363,-0.424,-0.661,-0.145
7.910,-0.395,-0.519,-0.661,-0.157
7.945,0.080,0.075,0.661,0.082
7.971,-0.379,-0.462,-0.661,-0.150
7.997,0.056,0.053,0.661,0.077
8.024,0.328,0.359,0.661,0.135
8.052,0.396,0.523,0.661,0.158
8.078,0.055,0.051,0.661,0.077
8.119,0.346,0.389,0.661,0.140
8.153,-0.286,-0.298,-0.661,-0.125
8.181,-0.110,-0.104,-0.661,-0.088
8.207,0.391,0.503,0.661,0.155
8.245,0.325,0.354,0.661,0.134
8.280,0.048,0.045,0.661,0.075
8.308,0.132,0.126,0.661,0.092
8.334,0.311,0.332,0.661,0.130
8.362,0.212,0.209,0.661,0.108
8.389,0.226,0.224,0.661,0.111
8.418,0.402,0.563,0.661,0.163
8.451,0.354,0.404,0.661,0.142
8.478,0.050,0.047,0.661,0.076
8.504,-0.319,-0.345,-0.661,-0.133
8.531,-0.106,-0.101,-0.661,-0.087
8.557,0.386,0.482,0.661,0.153
8.585,0.276,0.285,0.661,0.122
8.622,-0.227,-0.226,-0.661,-0.111
8.652,0.280,0.290,0.661,0.123
8.679,0.399,0.540,0.661,0.160
8.707,0.403,0.590,0.661,0.165
8.732,-0.391,-0.500,-0.661,-0.155
8.773,0.399,0.543,0.661,0.160
8.813,0.376,0.455,0.661,0.149
8.844,-0.087,-0.082,-0.661,-0.083
8.874,0.294,0.308,0.661,0.126
8.902,0.377,0.457,0.661,0.150
8.930,0.170,0.164,0.661,0.099
8.968,0.373,0.446,0.661,0.148
8.997,-0.067,-0.063,-0.661,-0.079
9.026,-0.368,-0.433,-0.661,-0.146
9.061,0.004,0.004,0.661,0.067
9.096,0.348,0.394,0.661,0.140
9.134,0.180,0.174,0.661,0.101
9.163,0.403,0.576,0.661,0.164
9.194,-0.276,-0.285,-0.661,-0.122
9.222,-0.130,-0.124,-0.661,-0.092
9.251,0.379,0.463,0.661,0.150
9.298,-0.131,-0.125,-0.661,-0.092
9.327,-0.374,-0.450,-0.661,-0.148
9.355,-0.325,-0.354,-0.661,-0.134
9.382,-0.402,-0.561,-0.661,-0.162
9.411,0.015,0.014,0.661,0.069
9.445,0.287,0.299,0.661,0.125
9.478,-0.061,-0.058,-0.661,-0.078
9.505,-0.068,-0.064,-0.661,-0.079
9.532,-0.402,-0.564,-0.661,-0.163
9.557,0.385,0.479,0.661,0.152
9.586,0.211,0.208,0.661,0.108
9.622,-0.264,-0.270,-0.661,-0.120
9.653,-0.135,-0.129,-0.661,-0.092
9.683,0.017,0.016,0.661,0.069
9.710,-0.283,-0.294,-0.661,-0.124
9.739,-0.103,-0.097,-0.661,-0.086
9.775,-0.094,-0.089,-0.661,-0.084
9.815,-0.385,-0.479,-0.661,-0.152
9.843,-0.386,-0.482,-0.661,-0.153
9.870,-0.313,-0.335,-0.661,-0.131
9.900,0.202,0.198,0.661,0.106
9.936,0.011,0.010,0.661,0.068
9.964,-0.241,-0.242,-0.661,-0.114
9.993,-0.400,-0.551,-0.661,-0.161
10.027,-0.263,-0.269,-0.661,-0.119
10.063,0.215,0.213,0.661,0.109
10.099,-0.366,-0.431,-0.661,-0.146
10.129,0.400,0.545,0.661,0.161
10.159,-0.223,-0.221,-0.661,-0.110
10.187,-0.367,-0.433,-0.661,-0.146
10.214,-0.038,-0.036,-0.661,-0.073
10.247,-0.014,-0.014,-0.661,-0.069
10.274,0.373,0.446,0.661,0.148
10.300,-0.164,-0.158,-0.661,-0.098
10.339,0.169,0.163,0.661,0.099
10.367,-0.049,-0.046,-0.661,-0.076
10.399,-0.294,-0.308,-0.661,-0.126
10.427,-0.222,-0.221,-0.661,-0.110
10.453,-0.134,-0.128,-0.661,-0.092
10.482,-0.377,-0.457,-0.661,-0.150
10.510,-0.392,-0.503,-0.661,-0.156
10.538,-0.403,-0.592,-0.661,-0.166
10.573,0.192,0.188,0.661,0.104
10.602,0.397,0.528,0.661,0.159
10.628,0.273,0.281,0.661,0.121
10.655,-0.298,-0.315,-0.661,-0.127
10.681,-0.276,-0.285,-0.661,-0.122
10.707,0.352,0.402,0.661,0.141
10.742,0.046,0.043,0.661,0.075
10.769,0.023,0.022,0.661,0.071
10.797,0.262,0.267,0.661,0.119
10.823,0.366,0.429,0.661,0.146
10.862,0.401,0.551,0.661,0.161
10.899,-0.401,-0.554,-0.661,-0.162
10.928,0.133,0.127,0.661,0.092
10.956,0.253,0.256,0.661,0.117
10.991,0.119,0.114,0.661,0.089
11.026,-0.344,-0.386,-0.661,-0.139
11.061,0.045,0.043,0.661,0.075
11.088,-0.303,-0.321,-0.661,-0.128
11.115,-0.310,-0.331,-0.661,-0.130
11.141,0.176,0.170,0.661,0.101
11.168,0.363,0.424,0.661,0.145
11.199,-0.388,-0.490,-0.661,-0.154
11.236,-0.157,-0.151,-0.661,-0.097
11.265,-0.373,-0.448,-0.661,-0.148
11.295,0.238,0.239,0.661,0.114
11.322,-0.153,-0.147,-0.661,-0.096
11.349,-0.371,-0.442,-0.661,-0.147
11.397,0.056,0.052,0.661,0.077
11.429,0.403,0.576,0.661,0.164
11.457,0.398,0.533,0.661,0.159
11.484,0.247,0.249,0.661,0.116
11.511,-0.134,-0.128,-0.661,-0.092
11.548,-0.177,-0.172,-0.661,-0.101
11.577,-0.384,-0.477,-0.661,-0.152
11.604,-0.348,-0.394,-0.661,-0.140
11.633,-0.161,-0.156,-0.661,-0.098
11.662,0.173,0.167,0.661,0.100
11.694,-0.102,-0.097,-0.661,-0.086
11.723,0.384,0.476,0.661,0.152
11.751,0.397,0.529,0.661,0.159
11.778,-0.039,-0.037,-0.661,-0.074
11.805,-0.303,-0.321,-0.661,-0.129
11.834,0.268,0.275,0.661,0.120
11.872,0.044,0.041,0.661,0.075
11.914,-0.096,-0.090,-0.661,-0.085
11.951,0.343,0.385,0.661,0.139
11.988,-0.323,-0.352,-0.661,-0.134
12.027,-0.224,-0.223,-0.661,-0.111
12.056,0.108,0.103,0.661,0.087
12.084,0.106,0.100,0.661,0.087
12.111,-0.227,-0.225,-0.661,-0.111
12.137,-0.403,-0.582,-0.661,-0.165
12.164,-0.232,-0.231,-0.661,-0.112
12.202,0.285,0.297,0.661,0.124
12.230,0.327,0.358,0.661,0.135
12.261,-0.054,-0.051,-0.661,-0.077
12.289,0.229,0.229,0.661,0.112
12.320,-0.033,-0.031,-0.661,-0.073
12.355,-0.327,-0.358,-0.661,-0.135
12.387,-0.283,-0.294,-0.661,-0.124
12.426,-0.401,-0.556,-0.661,-0.162
12.453,-0.050,-0.047,-0.661,-0.076
12.482,-0.397,-0.529,-0.661,-0.159
12.518,0.402,0.563,0.661,0.163
12.546,0.403,0.589,0.661,0.165
12.574,0.336,0.372,0.661,0.137
12.604,-0.327,-0.358,-0.661,-0.135
12.631,-0.172,-0.166,-0.661,-0.100
12.658,0.169,0.164,0.661,0.099
12.696,0.399,0.542,0.661,0.160
12.726,-0.287,-0.300,-0.661,-0.125
12.755,-0.354,-0.404,-0.661,-0.142
12.782,-0.403,-0.583,-0.661,-0.165
12.809,-0.208,-0.204,-0.661,-0.107
12.843,-0.394,-0.513,-0.661,-0.157
12.870,-0.166,-0.160,-0.661,-0.099
12.895,0.286,0.297,0.661,0.124
12.938,-0.249,-0.252,-0.661,-0.116
12.974,0.372,0.445,0.661,0.148
13.009,-0.384,-0.477,-0.661,-0.152
13.037,-0.278,-0.288,-0.661,-0.123
13.063,0.211,0.208,0.661,0.108
13.091,0.149,0.143,0.661,0.095
13.117,0.204,0.200,0.661,0.107
13.144,-0.140,-0.134,-0.661,-0.093
13.179,0.400,0.545,0.661,0.161
13.209,-0.335,-0.370,-0.661,-0.137
13.234,0.312,0.334,0.661,0.131
13.260,-0.369,-0.437,-0.661,-0.147
13.286,0.072,0.068,0.661,0.080
13.311,0.139,0.133,0.661,0.093
13.346,0.399,0.540,0.661,0.160
13.374,0.389,0.491,0.661,0.154
13.399,-0.380,-0.465,-0.661,-0.151
13.435,0.403,0.584,0.661,0.165
13.463,0.357,0.411,0.661,0.143
13.499,-0.397,-0.527,-0.661,-0.158
13.527,-0.260,-0.264,-0.661,-0.118
13.556,0.231,0.231,0.661,0.112
13.583,-0.208,-0.205,-0.661,-0.107
13.610,-0.396,-0.523,-0.661,-0.158
13.636,-0.060,-0.057,-0.661,-0.078
13.671,-0.320,-0.346,-0.661,-0.133
13.700,0.024,0.022,0.661,0.071
13.726,-0.280,-0.291,-0.661,-0.123
13.753,0.025,0.023,0.661,0.071
13.781,0.011,0.011,0.661,0.068
13.807,0.391,0.502,0.661,0.155
13.843,-0.341,-0.381,-0.661,-0.138
13.870,-0.284,-0.296,-0.661,-0.124
13.903,-0.099,-0.094,-0.661,-0.085
13.951,0.397,0.530,0.661,0.159
13.983,-0.266,-0.272,-0.661,-0.120
14.020,-0.333,-0.368,-0.661,-0.136
14.048,-0.159,-0.153,-0.661,-0.097
14.078,0.152,0.146,0.661,0.096
14.107,0.398,0.536,0.661,0.160
14.136,0.048,0.045,0.661,0.075
14.173,0.183,0.178,0.661,0.102
14.202,0.288,0.301,0.661,0.125
14.231,-0.352,-0.401,-0.661,-0.141
14.260,-0.339,-0.377,-0.661,-0.138
14.288,-0.363,-0.424,-0.661,-0.145
14.323,0.397,0.528,0.661,0.159
14.351,0.387,0.488,0.661,0.154
14.378,0.237,0.238,0.661,0.114
14.402,0.240,0.241,0.661,0.114
14.431,-0.192,-0.187,-0.661,-0.104
14.473,0.283,0.294,0.661,0.124
14.511,0.164,0.158,0.661,0.098
14.541,0.361,0.419,0.661,0.144
14.570,-0.190,-0.185,-0.661,-0.104
14.597,0.079,0.075,0.661,0.082
14.627,-0.217,-0.215,-0.661,-0.109
14.666,-0.221,-0.219,-0.661,-0.110
14.697,0.242,0.243,0.661,0.115
14.725,-0.142,-0.136,-0.661,-0.094
14.754,-0.391,-0.500,-0.661,-0.155
14.783,-0.021,-0.020,-0.661,-0.070
14.819,0.089,0.084,0.661,0.083
14.847,0.222,0.221,0.661,0.110
14.876,-0.391,-0.501,-0.661,-0.155
14.910,-0.339,-0.378,-0.661,-0.138
14.947,0.152,0.146,0.661,0.096
14.997,0.125,0.119,0.661,0.090
15.027,-0.358,-0.412,-0.661,-0.143
15.055,-0.364,-0.426,-0.661,-0.145
15.084,0.221,0.219,0.661,0.110
15.108,0.188,0.183,0.661,0.103
15.144,0.012,0.011,0.661,0.068
15.171,-0.397,-0.530,-0.661,-0.159
15.199,-0.375,-0.451,-0.661,-0.149
15.225,-0.194,-0.190,-0.661,-0.105
15.253,0.099,0.093,0.661,0.085
15.281,-0.251,-0.254,-0.661,-0.117
15.319,0.208,0.205,0.661,0.107
15.348,-0.357,-0.410,-0.661,-0.143
15.376,-0.221,-0.220,-0.661,-0.110
15.405,-0.209,-0.206,-0.661,-0.108
15.428,0.261,0.266,0.661,0.119
15.452,0.180,0.175,0.661,0.102
15.493,-0.371,-0.442,-0.661,-0.147
15.517,0.272,0.279,0.661,0.121
15.538,-0.202,-0.199,-0.661,-0.106
15.561,0.107,0.101,0.661,0.087
15.581,0.011,0.010,0.661,0.068
15.601,0.388,0.490,0.661,0.154
15.620,-0.330,-0.361,-0.661,-0.135
15.652,0.341,0.380,0.661,0.138
15.674,0.336,0.372,0.661,0.137
15.694,-0.135,-0.128,-0.661,-0.092
15.715,-0.315,-0.339,-0.661,-0.131
15.735,0.295,0.310,0.661,0.127
15.757,0.398,0.532,0.661,0.159
15.778,0.070,0.066,0.661,0.080
15.808,-0.005,-0.005,-0.661,-0.067
15.828,0.178,0.173,0.661,0.101
15.848,-0.380,-0.464,-0.661,-0.150
15.868,0.402,0.568,0.661,0.163
15.887,-0.276,-0.285,-0.661,-0.122
15.913,0.370,0.439,0.661,0.147
15.942,-0.122,-0.116,-0.661,-0.090
15.972,-0.219,-0.217,-0.661,-0.110
16.007,0.400,0.550,0.661,0.161
16.029,0.358,0.412,0.661,0.143
16.050,0.191,0.187,0.661,0.104
16.070,-0.347,-0.391,-0.661,-0.140
16.090,0.258,0.262,0.661,0.118
16.109,-0.186,-0.181,-0.661,-0.103
16.136,-0.133,-0.127,-0.661,-0.092
16.161,0.141,0.135,0.661,0.094
16.182,-0.402,-0.571,-0.661,-0.163
16.202,0.282,0.293,0.661,0.124
16.221,-0.329,-0.361,-0.661,-0.135
16.242,0.016,0.015,0.661,0.069
16.261,-0.093,-0.088,-0.661,-0.084
16.291,0.151,0.145,0.661,0.096
16.313,0.200,0.196,0.661,0.106
16.334,0.273,0.281,0.661,0.121
16.355,-0.165,-0.159,-0.661,-0.099
16.378,0.035,0.032,0.661,0.073
16.398,-0.202,-0.198,-0.661,-0.106
16.419,0.163,0.157,0.661,0.098
16.448,-0.351,-0.399,-0.661,-0.141
16.469,0.011,0.010,0.661,0.068
16.489,-0.006,-0.006,-0.661,-0.067
16.523,0.306,0.326,0.661,0.129
16.545,0.081,0.077,0.661,0.082
16.565,-0.350,-0.398,-0.661,-0.141
16.589,-0.055,-0.051,-0.661,-0.077
16.618,0.398,0.532,0.661,0.159
16.639,0.041,0.039,0.661,0.074
16.658,-0.038,-0.035,-0.661,-0.073
16.677,-0.289,-0.301,-0.661,-0.125
16.697,0.231,0.230,0.661,0.112
16.718,0.400,0.549,0.661,0.161
16.742,-0.152,-0.146,-0.661,-0.096
16.770,-0.109,-0.103,-0.661,-0.087
16.792,-0.025,-0.024,-0.661,-0.071
16.813,0.305,0.324,0.661,0.129
16.835,0.395,0.520,0.661,0.158
16.855,-0.289,-0.302,-0.661,-0.125
16.878,0.115,0.110,0.661,0.089
16.898,-0.136,-0.130,-0.661,-0.093
16.933,-0.045,-0.042,-0.661,-0.075
16.965,-0.285,-0.297,-0.661,-0.124
16.987,-0.403,-0.586,-0.661,-0.165
17.009,-0.292,-0.306,-0.661,-0.126
17.042,-0.164,-0.158,-0.661,-0.098
17.064,-0.135,-0.129,-0.661,-0.093
17.093,-0.381,-0.467,-0.661,-0.151
17.115,-0.400,-0.544,-0.661,-0.160
17.136,0.033,0.030,0.661,0.072
17.158,0.324,0.352,0.661,0.134
17.178,-0.122,-0.116,-0.661,-0.090
17.198,-0.249,-0.252,-0.661,-0.116
17.223,0.323,0.351,0.661,0.134
17.253,-0.291,-0.305,-0.661,-0.126
17.274,0.314,0.337,0.661,0.131
17.294,-0.106,-0.101,-0.661,-0.087
17.315,-0.276,-0.285,-0.661,-0.122
17.336,-0.037,-0.035,-0.661,-0.073
17.357,0.354,0.405,0.661,0.142
17.378,-0.014,-0.013,-0.661,-0.069
17.408,0.259,0.263,0.661,0.118
17.432,-0.394,-0.513,-0.661,-0.157
17.456,0.349,0.395,0.661,0.140
17.479,0.398,0.533,0.661,0.159
17.503,0.073,0.069,0.661,0.080
17.523,0.384,0.478,0.661,0.152
17.560,-0.392,-0.503,-0.661,-0.156
17.593,-0.394,-0.514,-0.661,-0.157
17.616,-0.262,-0.267,-0.661,-0.119
17.639,0.098,0.093,0.661,0.085
17.660,-0.285,-0.296,-0.661,-0.124
17.681,-0.126,-0.120,-0.661,-0.091
17.705,-0.307,-0.327,-0.661,-0.129
17.725,-0.068,-0.064,-0.661,-0.079
17.754,-0.375,-0.452,-0.661,-0.149
17.779,0.402,0.563,0.661,0.163
17.806,0.160,0.154,0.661,0.098
17.828,0.284,0.295,0.661,0.124
17.852,0.371,0.441,0.661,0.147
17.872,-0.186,-0.181,-0.661,-0.103
17.893,-0.390,-0.498,-0.661,-0.155
17.924,0.403,0.583,0.661,0.165
17.947,0.116,0.110,0.661,0.089
17.971,-0.382,-0.472,-0.661,-0.152
17.997,-0.070,-0.066,-0.661,-0.080
18.027,-0.387,-0.485,-0.661,-0.153
18.063,0.399,0.538,0.661,0.160
18.096,0.374,0.448,0.661,0.148
18.119,0.352,0.402,0.661,0.141
18.140,0.368,0.434,0.661,0.146
18.161,-0.235,-0.235,-0.661,-0.113
18.181,-0.283,-0.294,-0.661,-0.124
18.204,-0.389,-0.492,-0.661,-0.154
18.225,-0.123,-0.118,-0.661,-0.090
18.255,-0.320,-0.347,-0.661,-0.133
18.278,-0.016,-0.015,-0.661,-0.069
18.299,-0.403,-0.582,-0.661,-0.165
18.320,-0.318,-0.343,-0.661,-0.132
18.343,-0.386,-0.482,-0.661,-0.153
18.363,0.347,0.392,0.661,0.140
18.385,0.298,0.314,0.661,0.127
18.415,-0.398,-0.536,-0.661,-0.160
18.437,-0.369,-0.436,-0.661,-0.147
18.458,0.200,0.196,0.661,0.106
18.480,0.300,0.317,0.661,0.128
18.502,0.347,0.392,0.661,0.140
18.523,0.256,0.260,0.661,0.118
18.544,-0.305,-0.324,-0.661,-0.129
18.584,0.132,0.126,0.661,0.092
18.607,0.380,0.466,0.661,0.151
18.630,0.125,0.119,0.661,0.091
18.651,0.403,0.588,0.661,0.165
18.673,0.269,0.276,0.661,0.121
18.695,0.154,0.148,0.661,0.096
18.728,0.003,0.003,0.661,0.067
18.752,0.267,0.273,0.661,0.120
18.774,0.397,0.528,0.661,0.159
18.796,0.337,0.374,0.661,0.137
18.818,0.401,0.553,0.661,0.161
18.838,-0.385,-0.480,-0.661,-0.153
18.861,0.125,0.119,0.661,0.091
18.892,-0.105,-0.100,-0.661,-0.087
18.914,-0.017,-0.016,-0.661,-0.069
18.936,-0.138,-0.132,-0.661,-0.093
18.957,0.398,0.532,0.661,0.159
18.979,0.392,0.506,0.661,0.156
18.999,-0.279,-0.288,-0.661,-0.123
19.018,0.401,0.554,0.661,0.162
19.046,0.385,0.480,0.661,0.153
19.087,-0.233,-0.233,-0.661,-0.113
19.118,0.368,0.434,0.661,0.146
19.141,0.334,0.369,0.661,0.136
19.163,0.316,0.341,0.661,0.132
19.185,0.392,0.506,0.661,0.156
19.215,-0.282,-0.293,-0.661,-0.124
19.237,-0.403,-0.577,-0.661,-0.164
19.258,0.233,0.232,0.661,0.113
19.277,-0.330,-0.362,-0.661,-0.135
19.299,-0.389,-0.494,-0.661,-0.154
19.320,-0.142,-0.136,-0.661,-0.094
19.341,0.358,0.412,0.661,0.143
19.371,-0.389,-0.494,-0.661,-0.154
19.393,-0.382,-0.469,-0.661,-0.151
19.412,0.351,0.400,0.661,0.141
19.432,-0.402,-0.573,-0.661,-0.164
19.454,-0.367,-0.432,-0.661,-0.146
19.474,0.320,0.346,0.661,0.133
19.497,0.057,0.053,0.661,0.077
19.527,-0.352,-0.401,-0.661,-0.141
19.548,-0.395,-0.517,-0.661,-0.157
19.584,0.337,0.373,0.661,0.137
19.605,-0.098,-0.093,-0.661,-0.085
19.628,-0.083,-0.078,-0.661,-0.082
19.647,-0.101,-0.096,-0.661,-0.086
19.677,-0.395,-0.517,-0.661,-0.157
19.699,-0.358,-0.413,-0.661,-0.143
19.720,-0.353,-0.403,-0.661,-0.142
19.742,0.002,0.002,0.661,0.067
19.764,-0.004,-0.004,-0.661,-0.067
19.784,0.258,0.263,0.661,0.118
19.805,-0.281,-0.291,-0.661,-0.123
19.835,0.401,0.558,0.661,0.162
19.858,-0.021,-0.019,-0.661,-0.070
19.879,0.403,0.577,0.661,0.164
19.900,0.089,0.084,0.661,0.083
19.920,-0.025,-0.023,-0.661,-0.071
19.940,0.402,0.562,0.661,0.162
19.960,-0.403,-0.578,-0.661,-0.164
19.989,0.012,0.011,0.661,0.068
20.011,0.163,0.157,0.661,0.098
20.033,-0.087,-0.082,-0.661,-0.083
20.056,0.078,0.074,0.661,0.081
20.090,0.400,0.545,0.661,0.161
20.112,0.369,0.437,0.661,0.147
20.147,-0.011,-0.010,-0.661,-0.068
20.177,-0.177,-0.172,-0.661,-0.101
20.200,-0.181,-0.175,-0.661,-0.102
20.220,-0.106,-0.101,-0.661,-0.087
20.241,0.385,0.479,0.661,0.153
20.261,-0.141,-0.135,-0.661,-0.094
20.281,0.003,0.002,0.661,0.067
20.311,-0.020,-0.019,-0.661,-0.070
20.332,-0.366,-0.431,-0.661,-0.146
20.352,0.376,0.455,0.661,0.149
20.372,-0.213,-0.211,-0.661,-0.108
20.393,-0.376,-0.453,-0.661,-0.149
20.417,0.033,0.031,0.661,0.072
20.436,-0.145,-0.139,-0.661,-0.095
20.463,0.296,0.312,0.661,0.127
20.489,0.229,0.228,0.661,0.112
20.512,0.375,0.452,0.661,0.149
20.534,0.190,0.185,0.661,0.104
20.554,-0.403,-0.580,-0.661,-0.164
20.574,0.308,0.328,0.661,0.130
20.610,-0.373,-0.445,-0.661,-0.148
20.642,-0.100,-0.095,-0.661,-0.086
20.665,-0.290,-0.303,-0.661,-0.125
20.685,0.369,0.438,0.661,0.147
20.705,-0.361,-0.418,-0.661,-0.144
20.725,-0.022,-0.021,-0.661,-0.070
20.744,-0.010,-0.010,-0.661,-0.068
20.765,-0.349,-0.395,-0.661,-0.140
20.792,0.010,0.009,0.661,0.068
20.811,-0.203,-0.200,-0.661,-0.106
20.831,-0.203,-0.200,-0.661,-0.106
20.853,-0.197,-0.193,-0.661,-0.105
20.873,0.193,0.189,0.661,0.104
20.893,-0.365,-0.427,-0.661,-0.145
20.914,-0.183,-0.178,-0.661,-0.102
20.933,0.059,0.056,0.661,0.078
20.963,0.402,0.572,0.661,0.164
20.984,0.353,0.403,0.661,0.142
21.006,0.019,0.018,0.661,0.070
21.025,0.043,0.041,0.661,0.074
21.045,0.343,0.384,0.661,0.139
21.066,-0.332,-0.365,-0.661,-0.136
21.085,0.400,0.548,0.661,0.161
21.125,-0.137,-0.131,-0.661,-0.093
21.146,0.396,0.522,0.661,0.158
21.167,-0.070,-0.066,-0.661,-0.080
21.196,0.392,0.503,0.661,0.156
21.226,-0.233,-0.233,-0.661,-0.113
21.253,0.118,0.113,0.661,0.089
21.290,0.403,0.590,0.661,0.165
21.323,0.341,0.381,0.661,0.138
21.345,0.302,0.320,0.661,0.128
21.365,-0.399,-0.539,-0.661,-0.160
21.387,-0.331,-0.364,-0.661,-0.136
21.407,0.402,0.570,0.661,0.163
21.435,0.402,0.567,0.661,0.163
21.455,-0.063,-0.059,-0.661,-0.078
21.477,-0.223,-0.222,-0.661,-0.111
21.497,0.064,0.060,0.661,0.078
21.517,0.081,0.076,0.661,0.082
21.537,-0.402,-0.571,-0.661,-0.163
21.558,0.241,0.242,0.661,0.114
21.584,0.302,0.320,0.661,0.128
21.603,-0.186,-0.181,-0.661,-0.103
21.635,0.403,0.591,0.661,0.166
21.655,-0.099,-0.093,-0.661,-0.085
21.677,-0.378,-0.460,-0.661,-0.150
21.699,-0.221,-0.219,-0.661,-0.110
21.721,-0.384,-0.476,-0.661,-0.152
21.750,-0.124,-0.118,-0.661,-0.090
21.772,-0.130,-0.124,-0.661,-0.092
21.793,-0.382,-0.471,-0.661,-0.151
21.815,-0.287,-0.299,-0.661,-0.125
21.835,0.394,0.511,0.661,0.157
21.855,-0.342,-0.383,-0.661,-0.139
21.876,-0.264,-0.270,-0.661,-0.120
21.902,0.138,0.132,0.661,0.093
21.925,-0.102,-0.096,-0.661,-0.086
21.946,0.335,0.371,0.661,0.137
21.967,0.156,0.150,0.661,0.097
21.987,-0.383,-0.473,-0.661,-0.152
22.007,0.336,0.373,0.661,0.137
22.027,-0.168,-0.163,-0.661,-0.099
22.057,0.363,0.423,0.661,0.145
22.078,0.266,0.272,0.661,0.120
22.100,0.022,0.021,0.661,0.070
22.126,-0.364,-0.426,-0.661,-0.145
22.169,-0.016,-0.015,-0.661,-0.069
22.192,-0.260,-0.265,-0.661,-0.119
22.221,-0.389,-0.493,-0.661,-0.154
22.242,-0.077,-0.072,-0.661,-0.081
22.263,0.271,0.278,0.661,0.121
22.283,-0.020,-0.019,-0.661,-0.070
22.303,-0.074,-0.070,-0.661,-0.081
22.323,0.325,0.354,0.661,0.134
22.346,0.361,0.419,0.661,0.144
22.375,0.187,0.182,0.661,0.103
22.395,0.041,0.039,0.661,0.074
22.415,-0.401,-0.552,-0.661,-0.161
22.437,-0.376,-0.454,-0.661,-0.149
22.458,0.310,0.332,0.661,0.130
22.478,0.168,0.162,0.661,0.099
22.498,-0.395,-0.518,-0.661,-0.157
22.528,0.130,0.124,0.661,0.091
22.550,0.195,0.190,0.661,0.105
22.571,-0.402,-0.570,-0.661,-0.163
22.591,0.107,0.101,0.661,0.087
22.614,0.100,0.095,0.661,0.086
22.634,0.114,0.109,0.661,0.088
22.669,0.195,0.191,0.661,0.105
22.698,-0.360,-0.417,-0.661,-0.144
22.722,-0.280,-0.290,-0.661,-0.123
22.742,-0.030,-0.028,-0.661,-0.072
22.764,0.137,0.131,0.661,0.093
22.785,0.400,0.549,0.661,0.161
22.806,0.108,0.103,0.661,0.087
22.827,-0.394,-0.511,-0.661,-0.157
22.854,-0.381,-0.467,-0.661,-0.151
22.876,-0.403,-0.582,-0.661,-0.165
22.897,0.262,0.267,0.661,0.119
22.917,0.211,0.208,0.661,0.108
22.939,-0.173,-0.168,-0.661,-0.100
22.965,-0.372,-0.444,-0.661,-0.148
22.994,-0.271,-0.278,-0.661,-0.121
23.023,0.215,0.212,0.661,0.109
23.043,-0.360,-0.416,-0.661,-0.144
23.062,0.354,0.405,0.661,0.142
23.082,-0.399,-0.539,-0.661,-0.160
23.101,0.382,0.472,0.661,0.152
23.123,0.310,0.331,0.661,0.130
23.144,-0.332,-0.366,-0.661,-0.136
23.175,0.008,0.008,0.661,0.068
23.206,0.212,0.209,0.661,0.108
23.228,-0.056,-0.053,-0.661,-0.077
23.249,-0.372,-0.443,-0.661,-0.148
23.270,-0.354,-0.405,-0.661,-0.142
23.291,0.333,0.367,0.661,0.136
23.310,-0.403,-0.579,-0.661,-0.164
23.330,0.318,0.344,0.661,0.132
23.359,-0.388,-0.488,-0.661,-0.154
23.379,0.403,0.579,0.661,0.164
23.401,0.325,0.353,0.661,0.134
23.420,-0.053,-0.049,-0.661,-0.076
23.439,-0.159,-0.153,-0.661,-0.097
23.458,0.063,0.060,0.661,0.078
23.478,-0.065,-0.061,-0.661,-0.079
23.497,0.014,0.013,0.661,0.069
23.526,-0.394,-0.512,-0.661,-0.157
23.545,0.370,0.439,0.661,0.147
23.564,-0.227,-0.226,-0.661,-0.111
23.584,0.235,0.235,0.661,0.113
23.605,-0.252,-0.255,-0.661,-0.117
23.625,0.130,0.124,0.661,0.092
23.645,0.322,0.350,0.661,0.133
23.679,0.403,0.587,0.661,0.165
23.710,-0.398,-0.535,-0.661,-0.159
23.731,0.009,0.009,0.661,0.068
23.753,0.042,0.039,0.661,0.074
23.772,-0.046,-0.043,-0.661,-0.075
23.799,-0.255,-0.259,-0.661,-0.117
23.829,0.356,0.409,0.661,0.143
23.853,0.089,0.084,0.661,0.083
23.881,-0.230,-0.230,-0.661,-0.112
23.902,0.368,0.434,0.661,0.146
23.922,-0.013,-0.012,-0.661,-0.069
23.944,-0.236,-0.236,-0.661,-0.113
23.963,0.349,0.396,0.661,0.141
23.985,0.390,0.499,0.661,0.155
24.004,-0.403,-0.580,-0.661,-0.164
24.035,0.369,0.436,0.661,0.147
24.056,0.251,0.254,0.661,0.117
24.077,-0.374,-0.450,-0.661,-0.149
24.098,-0.263,-0.268,-0.661,-0.119
24.117,0.194,0.190,0.661,0.105
24.137,-0.355,-0.407,-0.661,-0.142
24.155,-0.072,-0.068,-0.661,-0.080
24.195,0.258,0.262,0.661,0.118
24.217,0.291,0.304,0.661,0.126
24.241,0.359,0.415,0.661,0.143
24.260,-0.347,-0.392,-0.661,-0.140
24.279,0.400,0.548,0.661,0.161
24.300,0.148,0.142,0.661,0.095
24.322,-0.290,-0.303,-0.661,-0.125
24.350,-0.124,-0.118,-0.661,-0.090
24.372,-0.127,-0.121,-0.661,-0.091
24.393,-0.392,-0.503,-0.661,-0.156
24.415,-0.276,-0.285,-0.661,-0.122
24.435,0.397,0.527,0.661,0.158
24.458,0.083,0.078,0.661,0.082
24.479,0.386,0.484,0.661,0.153
24.510,-0.402,-0.573,-0.661,-0.164
24.530,0.341,0.381,0.661,0.138
24.550,0.193,0.189,0.661,0.104
24.571,-0.401,-0.552,-0.661,-0.161
24.592,-0.233,-0.233,-0.661,-0.113
24.611,-0.242,-0.243,-0.661,-0.115
24.637,-0.377,-0.456,-0.661,-0.149
24.677,-0.152,-0.146,-0.661,-0.096
24.712,0.391,0.503,0.661,0.156
24.735,0.314,0.337,0.661,0.131
24.757,0.333,0.367,0.661,0.136
24.781,-0.295,-0.310,-0.661,-0.127
24.803,0.074,0.070,0.661,0.081
24.830,0.106,0.101,0.661,0.087
24.853,0.025,0.023,0.661,0.071
24.873,0.392,0.506,0.661,0.156
24.895,0.286,0.299,0.661,0.125
24.916,-0.082,-0.077,-0.661,-0.082
24.936,0.086,0.082,0.661,0.083
24.955,-0.040,-0.038,-0.661,-0.074
24.987,-0.348,-0.394,-0.661,-0.140
25.009,-0.217,-0.215,-0.661,-0.109
25.028,0.235,0.235,0.661,0.113
25.049,-0.383,-0.474,-0.661,-0.152
25.069,0.166,0.160,0.661,0.099
25.091,0.212,0.209,0.661,0.108
25.113,0.311,0.333,0.661,0.131
25.142,-0.315,-0.338,-0.661,-0.131
25.163,0.244,0.246,0.661,0.115
25.185,0.397,0.529,0.661,0.159
25.218,0.374,0.450,0.661,0.149
25.238,-0.228,-0.227,-0.661,-0.112
25.260,-0.403,-0.591,-0.661,-0.166
25.281,-0.212,-0.209,-0.661,-0.108
25.311,0.014,0.013,0.661,0.069
25.333,-0.070,-0.066,-0.661,-0.080
25.356,0.284,0.295,0.661,0.124
25.377,-0.151,-0.145,-0.661,-0.096
25.399,-0.401,-0.560,-0.661,-0.162
25.420,-0.271,-0.278,-0.661,-0.121
25.442,-0.224,-0.222,-0.661,-0.111
25.470,-0.051,-0.048,-0.661,-0.076
25.498,-0.299,-0.315,-0.661,-0.127
25.527,-0.389,-0.493,-0.661,-0.154
25.548,-0.260,-0.264,-0.661,-0.118
25.571,-0.336,-0.372,-0.661,-0.137
25.592,-0.003,-0.003,-0.661,-0.067
25.611,-0.097,-0.092,-0.661,-0.085
25.641,0.313,0.335,0.661,0.131
25.661,-0.061,-0.057,-0.661,-0.078
25.681,-0.258,-0.262,-0.661,-0.118
25.701,0.324,0.353,0.661,0.134
25.736,-0.162,-0.156,-0.661,-0.098
25.759,-0.302,-0.319,-0.661,-0.128
25.782,-0.403,-0.578,-0.661,-0.164
25.812,0.313,0.335,0.661,0.131
25.835,0.385,0.481,0.661,0.153
25.857,0.364,0.425,0.661,0.145
25.879,0.387,0.487,0.661,0.154
25.899,-0.403,-0.575,-0.661,-0.164
25.919,0.150,0.144,0.661,0.095
25.940,0.380,0.464,0.661,0.151
25.968,0.361,0.419,0.661,0.144
25.991,0.389,0.492,0.661,0.154
26.011,-0.159,-0.153,-0.661,-0.097
26.031,-0.346,-0.389,-0.661,-0.140
26.051,0.370,0.439,0.661,0.147
26.071,-0.398,-0.536,-0.661,-0.159
26.091,0.242,0.243,0.661,0.115
26.120,-0.319,-0.345,-0.661,-0.132
26.143,-0.348,-0.394,-0.661,-0.140
26.164,-0.069,-0.064,-0.661,-0.079
26.184,0.370,0.439,0.661,0.147
26.206,0.188,0.184,0.661,0.103
26.240,0.354,0.405,0.661,0.142
26.261,-0.100,-0.095,-0.661,-0.086
26.291,0.277,0.286,0.661,0.122
26.314,-0.035,-0.033,-0.661,-0.073
26.333,-0.063,-0.060,-0.661,-0.078
26.360,-0.402,-0.570,-0.661,-0.163
26.387,-0.360,-0.417,-0.661,-0.144
26.407,0.346,0.390,0.661,0.140
26.427,-0.318,-0.344,-0.661,-0.132
26.454,-0.398,-0.535,-0.661,-0.159
26.478,-0.026,-0.025,-0.661,-0.071
26.497,-0.006,-0.005,-0.661,-0.067
26.517,0.318,0.343,0.661,0.132
26.538,-0.274,-0.283,-0.661,-0.122
26.558,-0.032,-0.030,-0.661,-0.072
26.578,0.245,0.247,0.661,0.115
26.606,0.079,0.074,0.661,0.081
26.627,-0.212,-0.210,-0.661,-0.108
26.646,0.396,0.522,0.661,0.158
26.668,0.380,0.465,0.661,0.151
26.688,-0.375,-0.452,-0.661,-0.149
26.709,-0.328,-0.359,-0.661,-0.135
26.740,0.402,0.568,0.661,0.163
26.769,-0.004,-0.003,-0.661,-0.067
26.790,0.403,0.575,0.661,0.164
26.811,-0.223,-0.222,-0.661,-0.111
26.833,-0.253,-0.257,-0.661,-0.117
26.853,-0.105,-0.099,-0.661,-0.086
26.873,0.307,0.327,0.661,0.130
26.893,-0.373,-0.447,-0.661,-0.148
26.922,-0.164,-0.158,-0.661,-0.098
26.943,-0.395,-0.519,-0.661,-0.158
26.963,0.275,0.283,0.661,0.122
26.985,0.292,0.305,0.661,0.126
27.006,0.316,0.341,0.661,0.132
27.028,-0.028,-0.026,-0.661,-0.072
27.049,-0.397,-0.528,-0.661,-0.159
27.077,-0.390,-0.497,-0.661,-0.155
27.098,-0.390,-0.498,-0.661,-0.155
27.122,-0.053,-0.050,-0.661,-0.076
27.144,-0.299,-0.315,-0.661,-0.127
27.163,0.395,0.518,0.661,0.157
27.186,0.119,0.113,0.661,0.089
27.212,0.328,0.359,0.661,0.135
27.264,-0.160,-0.154,-0.661,-0.098
27.290,0.394,0.515,0.661,0.157
27.311,0.032,0.030,0.661,0.072
27.332,-0.403,-0.578,-0.661,-0.164
27.353,0.100,0.095,0.661,0.086
27.374,0.268,0.275,0.661,0.120
27.402,0.194,0.190,0.661,0.105
27.424,0.229,0.228,0.661,0.112
27.445,0.225,0.223,0.661,0.111
27.466,-0.370,-0.439,-0.661,-0.147
27.489,0.206,0.203,0.661,0.107
27.511,0.081,0.076,0.661,0.082
27.533,0.066,0.062,0.661,0.079
27.562,0.233,0.232,0.661,0.113
27.583,-0.209,-0.205,-0.661,-0.108
27.605,-0.290,-0.303,-0.661,-0.125
27.626,-0.377,-0.458,-0.661,-0.150
27.646,0.384,0.476,0.661,0.152
27.668,0.350,0.397,0.661,0.141
27.690,0.375,0.452,0.661,0.149
27.720,-0.214,-0.212,-0.661,-0.109
27.758,0.186,0.181,0.661,0.103
27.782,-0.386,-0.484,-0.661,-0.153
27.801,0.403,0.588,0.661,0.165
27.824,0.403,0.575,0.661,0.164
27.845,0.333,0.367,0.661,0.136
27.874,0.403,0.576,0.661,0.164
27.896,0.399,0.537,0.661,0.160
27.916,-0.377,-0.457,-0.661,-0.149
27.936,0.035,0.033,0.661,0.073
27.958,0.248,0.250,0.661,0.116
27.980,0.055,0.052,0.661,0.077
28.004,-0.403,-0.590,-0.661,-0.165
28.033,-0.245,-0.247,-0.661,-0.115
28.053,0.053,0.050,0.661,0.076
28.072,-0.102,-0.097,-0.661,-0.086
28.099,-0.392,-0.503,-0.661,-0.156
28.127,-0.229,-0.228,-0.661,-0.112
28.149,-0.280,-0.290,-0.661,-0.123
28.170,-0.318,-0.343,-0.661,-0.132
28.202,0.189,0.184,0.661,0.103
28.224,0.402,0.573,0.661,0.164
28.257,0.375,0.451,0.661,0.149
28.280,0.071,0.066,0.661,0.080
28.302,0.352,0.402,0.661,0.142
28.325,-0.011,-0.010,-0.661,-0.068
28.354,-0.340,-0.379,-0.661,-0.138
28.376,-0.394,-0.511,-0.661,-0.157
28.397,0.208,0.205,0.661,0.107
28.417,-0.003,-0.003,-0.661,-0.067
28.437,-0.347,-0.392,-0.661,-0.140
28.458,0.045,0.042,0.661,0.075
28.478,0.070,0.065,0.661,0.080
28.506,0.309,0.329,0.661,0.130
28.527,-0.280,-0.290,-0.661,-0.123
28.548,-0.366,-0.431,-0.661,-0.146
28.569,0.339,0.378,0.661,0.138
28.589,0.000,0.000,-0.661,-0.066
28.609,-0.207,-0.204,-0.661,-0.107
28.630,0.230,0.230,0.661,0.112
28.658,0.044,0.041,0.661,0.075
28.680,0.086,0.081,0.661,0.083
28.700,-0.117,-0.111,-0.661,-0.089
28.718,0.388,0.490,0.661,0.154
28.739,-0.031,-0.029,-0.661,-0.072
28.772,0.017,0.016,0.661,0.069
28.793,-0.356,-0.410,-0.661,-0.143
28.822,-0.221,-0.219,-0.661,-0.110
28.844,-0.291,-0.305,-0.661,-0.126
28.863,0.375,0.452,0.661,0.149
28.882,-0.358,-0.412,-0.661,-0.143
28.902,0.179,0.173,0.661,0.101
28.923,0.350,0.398,0.661,0.141
28.944,-0.220,-0.218,-0.661,-0.110
28.977,-0.372,-0.444,-0.661,-0.148
29.004,-0.345,-0.389,-0.661,-0.140
29.025,0.004,0.004,0.661,0.067
29.044,-0.281,-0.291,-0.661,-0.123
29.065,-0.296,-0.311,-0.661,-0.127
29.085,0.345,0.388,0.661,0.139
29.105,-0.325,-0.355,-0.661,-0.134
29.134,0.118,0.112,0.661,0.089
29.156,0.286,0.298,0.661,0.124
29.176,-0.381,-0.468,-0.661,-0.151
29.195,0.138,0.132,0.661,0.093
29.213,0.289,0.301,0.661,0.125
29.235,0.374,0.449,0.661,0.148
29.256,0.351,0.398,0.661,0.141
29.298,-0.274,-0.282,-0.661,-0.122
29.321,-0.402,-0.571,-0.661,-0.163
29.342,-0.060,-0.057,-0.661,-0.078
29.365,-0.301,-0.319,-0.661,-0.128
29.389,-0.025,-0.023,-0.661,-0.071
29.410,-0.265,-0.271,-0.661,-0.120
29.437,-0.399,-0.543,-0.661,-0.160
29.458,0.229,0.229,0.661,0.112
29.477,-0.389,-0.492,-0.661,-0.154
29.494,-0.077,-0.073,-0.661,-0.081
29.516,-0.381,-0.466,-0.661,-0.151
29.537,-0.359,-0.414,-0.661,-0.143
29.558,0.315,0.339,0.661,0.132
29.579,0.403,0.584,0.661,0.165
29.609,-0.367,-0.433,-0.661,-0.146
29.629,0.399,0.537,0.661,0.160
29.649,-0.382,-0.471,-0.661,-0.151
29.669,0.345,0.388,0.661,0.139
29.688,-0.322,-0.349,-0.661,-0.133
29.708,0.138,0.132,0.661,0.093
29.728,0.081,0.077,0.661,0.082
29.748,-0.384,-0.475,-0.661,-0.152
29.776,-0.403,-0.585,-0.661,-0.165
29.811,0.113,0.107,0.661,0.088
29.831,-0.313,-0.336,-0.661,-0.131
29.861,-0.214,-0.211,-0.661,-0.109
29.888,-0.400,-0.549,-0.661,-0.161
29.910,-0.318,-0.343,-0.661,-0.132
29.939,0.208,0.205,0.661,0.107
29.959,-0.273,-0.281,-0.661,-0.121
29.980,0.206,0.203,0.661,0.107
30.002,0.369,0.436,0.661,0.147
30.022,0.095,0.089,0.661,0.085
30.044,-0.151,-0.145,-0.661,-0.096
30.064,0.019,0.018,0.661,0.070
30.092,-0.070,-0.066,-0.661,-0.080
30.112,0.369,0.438,0.661,0.147
30.133,-0.298,-0.314,-0.661,-0.127
30.152,0.151,0.145,0.661,0.096
30.174,0.310,0.332,0.661,0.130
30.194,0.015,0.014,0.661,0.069
30.218,0.397,0.525,0.661,0.158
30.247,0.148,0.142,0.661,0.095
30.268,0.370,0.440,0.661,0.147
30.291,0.360,0.416,0.661,0.144
30.324,0.391,0.499,0.661,0.155
30.346,0.381,0.469,0.661,0.151
30.365,-0.402,-0.563,-0.661,-0.163
30.385,0.347,0.392,0.661,0.140
30.413,0.395,0.519,0.661,0.158
30.434,0.368,0.434,0.661,0.146
30.456,0.178,0.173,0.661,0.101
30.476,-0.332,-0.366,-0.661,-0.136
30.496,0.397,0.530,0.661,0.159
30.519,0.196,0.191,0.661,0.105
30.538,-0.187,-0.182,-0.661,-0.103
30.568,0.400,0.549,0.661,0.161
30.588,-0.243,-0.245,-0.661,-0.115
30.608,0.012,0.011,0.661,0.068
30.628,0.231,0.231,0.661,0.112
30.648,-0.359,-0.414,-0.661,-0.143
30.671,-0.385,-0.480,-0.661,-0.153
30.695,0.104,0.098,0.661,0.086
30.723,0.295,0.310,0.661,0.127
30.751,0.317,0.342,0.661,0.132
30.778,0.089,0.084,0.661,0.083
30.799,-0.396,-0.522,-0.661,-0.158
30.833,-0.224,-0.222,-0.661,-0.111
30.856,0.177,0.172,0.661,0.101
30.885,0.399,0.542,0.661,0.160
30.907,0.403,0.590,0.661,0.165
30.929,0.397,0.529,0.661,0.159
30.949,-0.373,-0.445,-0.661,-0.148
30.969,0.015,0.014,0.661,0.069
30.989,0.116,0.110,0.661,0.089
31.012,0.283,0.294,0.661,0.124
31.041,0.252,0.256,0.661,0.117
31.063,0.268,0.275,0.661,0.120
31.083,-0.122,-0.116,-0.661,-0.090
31.102,0.297,0.312,0.661,0.127
31.123,0.144,0.138,0.661,0.094
31.144,-0.192,-0.188,-0.661,-0.104
31.166,-0.337,-0.374,-0.661,-0.137
31.194,-0.181,-0.175,-0.661,-0.102
31.214,-0.181,-0.176,-0.661,-0.102
31.234,0.159,0.153,0.661,0.097
31.253,-0.131,-0.125,-0.661,-0.092
31.276,-0.260,-0.265,-0.661,-0.119
31.295,0.235,0.235,0.661,0.113
31.315,-0.326,-0.356,-0.661,-0.134
31.346,0.397,0.526,0.661,0.158
31.376,-0.353,-0.403,-0.661,-0.142
31.409,-0.316,-0.341,-0.661,-0.132
31.430,0.287,0.299,0.661,0.125
31.449,-0.369,-0.438,-0.661,-0.147
31.468,0.380,0.464,0.661,0.151
31.488,-0.255,-0.258,-0.661,-0.117
31.509,-0.325,-0.354,-0.661,-0.134
31.554,-0.329,-0.360,-0.661,-0.135
